1,0,0,0,0,1,0,0,0,0,1,0,3,0,20,1|
0.380926,0,0.924609,0,0,1,0,0,-0.924609,0,0.380926,0,3,0,20,1|
-0.168398,0,0.985722,0,0,1,0,0,-0.985722,0,-0.168398,0,3,0,20,1|
-0.452178,0,0.891932,0,0,1,0,0,-0.891932,0,-0.452178,0,3,0,20,1|
-0.452178,0,0.891932,0,0,1,0,0,-0.891932,0,-0.452178,0,4.15757,0,17.7166,1|
-0.993003,0,-0.118131,0,0,1,0,0,0.118131,0,-0.993003,0,4.15757,0,17.7166,1|
-0.171537,0,-0.985184,0,0,1,0,0,0.985184,0,-0.171537,0,4.15757,0,17.7166,1|
0.587217,0,-0.809438,0,0,1,0,0,0.809438,0,0.587217,0,4.15757,0,17.7166,1|
0.587217,0,-0.809438,0,0,1,0,0,0.809438,0,0.587217,0,3.03011,0,19.2708,1|
