0.942754,0,0.333488,0,0,1,0,0,-0.333488,0,0.942754,0,4.29888,0,11.9707,1|
0.996803,0,-0.0799139,0,0,1,0,0,0.0799139,0,0.996803,0,3.23147,0,14.9509,1|
0.904753,0,0.425941,0,0,1,0,0,-0.425941,0,0.904753,0,2.58403,0,16.3261,1|
0.39934,0,0.916806,0,0,1,0,0,-0.916806,0,0.39934,0,2.58403,0,16.3261,1|
0.996806,0,0.0799163,0,0,1,0,0,-0.0799163,0,0.996806,0,2.58403,0,16.3261,1|
0.913092,0,0.407763,0,0,1,0,0,-0.407763,0,0.913092,0,1.98054,0,17.6774,1|
0.4536,0,-0.891212,0,0,1,0,0,0.891212,0,0.4536,0,1.98054,0,17.6774,1|
-0.504848,0,-0.863216,0,0,1,0,0,0.863216,0,-0.504848,0,2.46179,0,17.9223,1|
-0.856895,0,-0.515507,0,0,1,0,0,0.515507,0,-0.856895,0,3.63749,0,15.9688,1|
